2049
2049
2047
2047.71
2048.9
2049.62
2049.81
2048.19
2047.14
2046.81
2048.24
2048.71
2048.95
2048
2047.48
2047.33
2048.33
2049.1
2049.62
2050.14
2050.24
2049.38
2049.05
2048.14
2047.38
2047.05
2047
2046.38
2047.33
2047.95
2048.38
2049.71
2050.24
2049.52
2048.57
2047.67
2047.9
2050.05
2051.62
2051.62
2050.38
2048.9
2048.81
2048.81
2049.48
2049.05
2048.76
2047.86
2047.29
2046.71
2047.1
2047.38
2048.43
2049.29
2049.62
2049.14
2048.71
2047.9
2047.67
2047.48
2047.95
2048.1
2048.33
2047.86
2048.67
2048.19
2048.05
2048.05
2048.05
2047.71
2048.33
2047.67
2047
2047.86
2048.86
2049.14
2049.43
2048.24
2047.52
2047.86
2048.48
2048.9
2049.33
2047.95
2047.05
2047.52
2049.24
2049.71
2049.76
2048.1
2046.67
2046.81
2048.19
2048.52
2049.1
2049.1
2049.38
2049.33
2049.29
2048.52
2048.67
2049.71
2050.57
2050.24
2049
2047.29
2046.81
2047.14
2048
2047.95
2047.76
2047.76
2047.95
2047.9
2047.86
2047.71
2048
2048.71
2048.57
2048.1
2047.38
2047.29
2047.19
2047.62
2048
2048
2047.76
2047.71
2047.62
2047.57
2047.38
2046.86
2047.38
2048.05
2049.62
2050.14
2049.29
2048.14
2047.62
2047.29
2048.29
2048.71
2049.29
2049.05
2048.76
2048.86
2048.19
2048.14
2048.62
2049
2050
2050
2048.57
2048.29
2047.95
2047.24
2047.86
2048.19
2048.52
2048.57
2049.29
2048.29
2047.43
2047.71
2048.38
2048.76
2049.57
2048.67
2047.1
2046.71
2047
2047.62
2048.67
2048.86
2048.86
2048.81
2049.05
2048.9
2048.48
2047.57
2047.29
2048.48
2049.71
2049.9
2048.81
2047.19
2046.67
2047.33
2047.57
2047.76
2047.81
2047.95
2048.71
2048.29
2047.33
2047.81
2047.95
2049.29
2049.71
2044.76
2045.81
2067.9
2142.52
2279.05
2468.1
2626.14
2697.71
2686.19
2638.05
2600
2609.76
2631.05
2641.33
2644.81
2642.95
2640.29
2638.86
2639.48
2640.29
2640.62
2641.1
2641.1
2640.67
2641.48
2641.95
2642.52
2643.05
2643.38
2644.76
2650.1
2655.57
2630.62
2552.95
2420.19
2242.81
2085.33
2010.52
2013.24
2056.48
2096.52
2094.81
2070.57
2055.05
2054.86
2061.86
2069.05
2071.43
2070.19
2067.24
2065.57
2064.67
2065
2065.1
2065.19
2064.33
2065
2065.38
2065.76
2065.33
2065.71
2065.71
2065.76
2066.05
2065.33
2063.48
2062.81
2062.57
2062.29
2063.1
2063.29
2063.48
2063.57
2063.48
2063.38
2062.76
2062.57
2062.57
2062.62
2062.14
2062.05
2060.38
2060
2059.81
2059.76
2059.71
2059.76
2059.48
2059.81
2059.95
2060.33
2060.67
2061.19
2061.71
2062.05
2062.14
2061.14
2059.9
2059.29
2059.38
2060.14
2060.9
2060.24
2059.71
2058.52
2058.9
2059.43
2059
2058.81
2059
2059.48
2060.67
2061.29
2060.33
2059
2058.38
2058.48
2059.05
2059.62
2059.43
2058.81
2058.86
2059.05
2059.48
2059.52
2059.81
2059.76
2058.95
2058.43
2057.33
2056.76
2058.62
2059.48
2059.71
2059.24
2058.19
2057.95
2058.43
2058.29
2057.81
2057.33
2057.38
2057.76
2058.52
2058.24
2056.71
2056.43
2056.76
2057.29
2058.95
2058.76
2058.1
2057.86
2057.95
2057.9
2057.38
2056.81
2056.62
2057.14
2058.14
2058.43
2057.38
2057.48
2057.57
2058.1
2058.81
2058.19
2057.1
2057.33
2056.76
2056.43
2056.67
2056.29
2055.48
2057.52
2067.29
2096.81
2152.14
2217.57
2284
2338.43
2370.29
2385.43
2394.38
2396.76
2403.57
2414
2422.48
2428.62
2433
2437.33
2441.71
2444.76
2446.76
2449.67
2452.48
2454.71
2456.76
2458.52
2460.33
2463.05
2465.43
2466.14
2467.19
2467.71
2462.76
2439.62
2392.52
2325.9
2257.76
2202.19
2168.71
2153.43
2146.62
2141
2135.14
2126.81
2118.1
2112.38
2108.05
2104.86
2102.33
2100.29
2097.76
2095.14
2092.86
2091.05
2090.81
2089.86
2089.29
2087.67
2085.86
2084.1
2083.67
2082.86
2082.76
2082.48
2082.24
2081.81
2082.1
2081.43
2079.86
2079.24
2078.14
2077.48
2077.81
2077.57
2076.9
2076.52
2075.43
2074.86
2074.9
2074.9
2075.43
2075.14
2074.52
2073
2071.62
2071
2071.67
2072.52
2073.62
2073.33
2072.62
2071.81
2071.1
2070.86
2070.62
2070.19
2069
2068.52
2068.24
2069.29
2069.71
2070.05
2069.52
2068.9
2068.71
2068.71
2068.24
2067.67
2067.33
2067.52
2067.81
2067.57
2068.29
2068.57
2068.81
2068.14
2066.76
2065.62
2065.81
2066.86
2067.33
2067
2066.9
2066.1
2065.71
2065.52
2064.52
2064.29
2064.57
2064.29
2064.57
2064.52
2063.1
2063.1
2063.9
2064.67
2066
2066.29
2064.33
2063.29
2063.57
2063.52
2063.14
2063.57
2063.19
2063.38
2064.14
2063.52
2062.33
2062.38
2061.62
2061.29
2061.14
2060.95
2060.95
2062
2062.48
2062.48
2062.24
2061.67
2061.29
2061.43
2061.57
2061.9
2062
2062.38
2062.29
2061.29
2060.76
2060.71
2060.71
2061.29
2061.95
2062.05
2060.29
2056.9
2053.71
2051.29
2051.57
2052.9
2053.95
2055.14
2056.57
2057.48
2058.95
2058.1
2058.14
2057.95
2057.43
2057.62
2057.48
2056.81
2058
2059.29
2060.52
2061.05
2059.05
2057.52
2056.9
2056.71
2057
2056.86
2055.95
2056.14
2057.29
2058.76
2059.57
2060.86
2061.71
2062.48
2062.05
2060.48
2057.38
2055.67
2054.29
2053.95
2053.57
2052.71
2051.86
2051.52
2051.9
2052.62
2052.67
2051.9
2050.95
2049.9
2049.9
2049.86
2049.52
2049.95
2050.29
2050.52
2050.57
2050.52
2050.14
2049.86
2049.43
2048.71
2047.95
2048.67
2050
2050.76
2051.38
2050.81
2050
2049.29
2049.1
2048.76
2049.1
2048.81
2049.1
2049.33
2050.14
2050.33
2049.81
2048.9
2048.48
2048.76
2050.14
2049.81
2048.9
2048.19
2048
2048
2048.81
2048.38
2048.52
2048.43
2049.14
2048.95
2048.71
2048.33
2048.24
2048.43
2049
2048.57
2048.52
2048.95
2048.38
2048.43
2048.57
2048.9
2049.33
2049.76
2049
2048.95
2048.48
2048.52
2048.24
2048.57
2049.1
2049.38
2049.19
2048.9
2047.57
2047
2046.67
2047.1
2048.19
2049.33
2049.76
2050
2048.81
2047.95
2048.1
2048.71
2050.14
2051.38
2050.38
2049.1
2048.95
2048.57
2049.19
2049.71
2049.05
2048.38
2049.1
2049
2048.29
2047.48
2046.67
2046.52
2048.33
2049.19
2048.95
2048.62
2048.43
2047.95
2048.24
2047.57
2047.52
2047.24
2047.48
2047.9
2048.1
2047.76
2048.52
2048.71
2049.19
2049.86
2049.43
2048.86
2048.38
2047.9
2048.57
2048.76
2048.48
2048.67
2048.48
2048.24
2048.62
2048.86
2048.81
2048.71
2048.57
2048.14
2047.76
2048.38
2048.48
2047.9
2047.43
2047.38
2047.43
2048
2048.43
2047.95
2047.14
2047.43
2048.1
2049.24
2050.19
2049.33
2047.76
2047.33
2047.62
2048.1
2049.48
2049.57
2048.38
2047.86
2047.76
2046.57
2046.95
2047
2047.43
2048.05
2049.1
2048.95
2048.48
2047.81
2047.62
2047.81
2048.38
2049.52
2049
2048.67
2048.95
2049.1
2048.95
2048.19
2046.9
2046.48
2047.57
2048.14
2048.81
2048.62
2048.67
2048.48
2048.81
2049.14
2049.57
2049.57
2049.43
2048.29
2047.67
2048.1
2048.57
2048.14
2049.05
2048.71
2048.62
2048.57
2048.14
2047.43
2048.05
2048.62
2049.1
2048.62
2048.14
2047.57
2047.33
2047.52
2047.71
2048
2048.48
2048.19
2047.9
2047.86
2047.86
2048.57
2049.57
2049.67
2049.38
2048.62
2048
2047.29
2046.71
2047.24
2048
2049.1
2049.86
2049
2047.38
2046.95
2046.95
2047.24
2047.67
2047.05
2046.9
2047.38
2048.67
2048.38
2047.81
2046.57
2046.52
2047.81
2049.76
2049.9
2049.1
2048.33
2047.86
2047.9
2048.86
2048.52
2047.76
2047.76
2047.67
2047.57
2048.33
2048.24
2047.71
2048.1
2048.95
2049.1
2048.95
2048.43
2048.05
2047.81
2047.86
2048.29
2048.76
2049.1
2049.71
2049.43
2048.14
2048.33
2048.19
2048.33
2049.05
2048.71
2047.67
2048.24
2047.86
2047.57
2047.9
2047.05
2047.14
2048.43
2048.86
2048.62
2048.57
2047.14
2047.24
2047.81
2048.81
2048.81
2048.24
2047.19
2046.62
2046.24
2047.29
2047.38
2046.86
2047.48
2048.29
2048.33
2049.24
2048.76
2047.95
2047.67
2047.48
2046.71
2046.95
2046.81
2047.24
2047.62
2047.95
2048.14
2048.24
2048.67
2048.76
2048.1
2047.43
2047
2047.33
2048.33
2048.95
2049.38
2048.9
2048.95
2049.52
2049
2048.43
2048.24
2047.76
2047.62
2047.81
2047.57
2047.76
2048.29
2048.52
2048.9
2049.1
2048.67
2047.95
2047.71
2047.71
2048.05
2048.29
2048.19
2047.86
2047.62
2048
2047.57
2046.76
2046.76
2047.14
2047.57
2048.14
2047.81
2047.14
2048
2049.1
2049.24
2049.05
2047.57
2046.67
2047.52
2048.52
2048.76
2048.67
2048.24
2047.29
2047.67
2048.19
2048.81
2048.43
2047.81
2046.86
2046.76
2047.67
2048.81
2049.43
2049.1
2049
2048.19
2047.71
2047.14
2047.19
2047.19
2047.33
2047.19
2047.19
2047.24
2047.67
2048.14
2048.1
2046.9
2046.62
2046.62
2047.33
2048.33
2048.76
2048.29
2048
2047.62
2047.76
2047.48
2047.52
2048.24
2048.76
2049.1
2049.24
2048.24
2047.9
2047.62
2048.1
2047.71
2047.76
2047.71
2048.33
2048.48
2049.52
2049.14
2048.95
2049.29
2049.05
2048.33
2048.19
2047
2048
2047
