2049
2049
2047
2047
2049
2050
2048.16
2048.41
2048.59
2048.34
2047.96
2047.69
2047.63
2048.05
2048.21
2048.55
2048.52
2048.98
2049.14
2049.74
2049.68
2049.35
2048.92
2048.34
2047.54
2047.19
2047.06
2046.92
2047.57
2048.27
2048.62
2048.88
2048.65
2048.81
2049.2
2049.6
2049.58
2049.78
2049.75
2049.86
2050.15
2050.3
2049.9
2049.31
2048.66
2048.35
2048.21
2047.97
2047.54
2047.39
2047.59
2048.05
2048.08
2048.66
2048.74
2048.97
2048.53
2048.36
2048.28
2047.97
2047.55
2047.95
2048.25
2048.17
2048.01
2048.31
2048.27
2048.22
2047.78
2047.66
2047.87
2047.89
2047.86
2048.6
2048.38
2048.2
2048.23
2048.62
2048.78
2048.78
2048.23
2047.72
2048.04
2048.52
2048.6
2048.93
2048.48
2048.22
2048.01
2048.33
2048.37
2048.2
2047.86
2048.02
2048.64
2049.12
2048.9
2049.13
2049.32
2049.52
2049.59
2049.65
2049.24
2048.87
2048.55
2048.62
2048.14
2047.53
2047.19
2047.46
2047.85
2047.76
2047.8
2047.94
2048.13
2048.08
2048.05
2048.27
2048.03
2047.73
2047.71
2047.94
2047.78
2047.34
2047.48
2047.84
2048.02
2047.57
2047.27
2047.51
2047.38
2047.63
2048.16
2048.68
2048.63
2048.4
2048.62
2048.87
2048.57
2048.32
2048.17
2048.48
2048.54
2048.62
2048.8
2048.74
2048.63
2048.83
2049.1
2049.01
2048.9
2049.14
2048.67
2048.53
2048.31
2048.05
2047.94
2048.15
2048.31
2048.24
2048.25
2048.2
2048.56
2048.77
2048.36
2048.22
2048.01
2048.05
2047.69
2048.03
2047.79
2047.57
2047.94
2048.36
2048.99
2049.03
2048.64
2048.2
2048.37
2048.72
2048.64
2048.71
2048.35
2048.34
2048.31
2048.12
2048.02
2047.51
2047.28
2047.5
2047.91
2047.85
2047.92
2047.81
2047.97
2047.74
2042.68
2034.05
2024.31
2028.53
2059.15
2132.26
2230.76
2333.88
2434.24
2524.11
2598.38
2650.04
2672.64
2669.33
2647.85
2628
2620.86
2632.64
2642.57
2643.71
2642.67
2640.87
2639.97
2639.93
2640.25
2641.01
2641.45
2641.67
2641.76
2642.81
2648.3
2660.55
2670.13
2665.2
2636.03
2569.21
2473.37
2368.95
2269.24
2179.86
2105.83
2053.3
2028.88
2032.43
2049.78
2068.9
2079.45
2072.95
2063.21
2060.79
2064.24
2067.55
2068.8
2067.93
2066.43
2064.97
2064.4
2064.57
2065.15
2065.02
2065.18
2065.35
2065.69
2065.9
2065.9
2065.58
2065.13
2064.42
2063.96
2063.64
2063.16
2062.7
2062.85
2063.03
2063.26
2063.34
2063.35
2063.2
2063.2
2062.9
2062.74
2062.22
2061.71
2061.41
2060.9
2060.54
2060.07
2059.59
2059.62
2059.47
2059.72
2059.73
2060.26
2060.32
2060.84
2061.55
2061.51
2061.45
2060.97
2060.92
2060.76
2060.38
2060.16
2059.88
2059.6
2059.52
2059.8
2059.7
2059.07
2058.76
2058.82
2059.34
2059.77
2059.97
2059.86
2059.85
2059.53
2059.69
2059.71
2059.16
2058.78
2058.66
2058.99
2059.22
2059.22
2059.41
2059.54
2059.47
2059.32
2058.97
2058.52
2058.57
2058.36
2058.5
2058.44
2058.38
2058.54
2058.87
2059.09
2058.55
2058.27
2057.76
2057.52
2058.22
2057.99
2057.65
2057.23
2057.27
2057.37
2057.53
2057.66
2057.5
2057.7
2057.94
2058.29
2058.41
2057.9
2057.33
2057.27
2057.48
2057.42
2057.29
2057.33
2057.5
2057.72
2058.15
2058.24
2057.83
2057.91
2057.65
2057.49
2057.29
2056.4
2054.18
2051.01
2047.65
2049.52
2063.17
2086.48
2121.71
2167.37
2217.43
2267.55
2313.89
2352.71
2381.2
2398.48
2406.58
2411.48
2416.57
2420.36
2426.49
2433.1
2437.83
2441.46
2444.73
2447.34
2449.94
2452.36
2454.54
2456.87
2459.09
2461.52
2464.54
2468.71
2474.05
2475.41
2467.2
2445.73
2413.31
2371.27
2323.15
2274.34
2228.24
2188.62
2158.73
2140.52
2132.21
2127.88
2124.04
2119.1
2114.52
2109.34
2104.73
2101.68
2099.19
2097.06
2095.27
2093.47
2092.18
2090.8
2089.37
2087.97
2087.12
2086.22
2084.94
2083.88
2083.16
2082.58
2082.57
2082.13
2081.94
2081.52
2080.7
2079.89
2079.48
2078.9
2078.08
2077.52
2076.99
2076.52
2076.25
2075.7
2075.59
2075.52
2075.14
2074.62
2074.15
2073.64
2073.02
2072.64
2072.52
2072.36
2072.24
2072.2
2072.54
2072.51
2072.29
2071.75
2070.84
2070.19
2069.38
2069.4
2069.34
2069.17
2069.15
2069
2069.37
2069.34
2069.27
2069
2068.31
2068.24
2067.69
2067.69
2067.66
2067.85
2068.24
2068.03
2068.2
2067.68
2067.41
2067.29
2066.96
2066.92
2066.54
2066.41
2066.59
2066.59
2066.37
2065.71
2065.47
2064.83
2064.69
2064.8
2063.96
2063.78
2063.78
2063.97
2064.38
2064.64
2064.52
2064.38
2064.83
2064.69
2064.32
2064.12
2063.32
2063.37
2063.37
2063.45
2063.51
2063.48
2062.97
2062.5
2062.52
2061.88
2061.12
2061.29
2061.39
2061.67
2061.69
2061.76
2061.96
2062.06
2061.83
2061.77
2061.8
2061.84
2061.8
2061.81
2061.83
2061.69
2061.39
2061.25
2061.5
2061.9
2061.66
2060.86
2059.82
2058.35
2056.8
2055
2053.76
2052.99
2052.71
2053.31
2055.04
2056.29
2057.22
2057.78
2058.16
2058.28
2058.02
2057.51
2057.4
2057.64
2058.2
2058.91
2059.17
2058.85
2059.18
2059.01
2058.59
2058.01
2056.89
2056.27
2056.11
2056.57
2057.03
2057.82
2058.51
2059.82
2061.01
2061.52
2061.31
2060.69
2059.55
2058.28
2056.9
2055.37
2053.76
2052.76
2052.36
2052.5
2052.42
2052.17
2051.83
2051.67
2051.45
2051.12
2050.57
2050.21
2049.95
2049.75
2049.89
2050.24
2050.42
2050.35
2050.29
2050.03
2049.52
2049.07
2049.03
2049.32
2049.57
2049.69
2050
2050.29
2050.35
2050.08
2050.01
2049.44
2048.83
2048.76
2049.22
2049.53
2049.48
2049.39
2049.51
2049.42
2049.72
2049.48
2049.43
2048.97
2048.79
2048.71
2048.91
2048.69
2048.27
2048.13
2048.42
2048.62
2048.83
2048.58
2048.63
2048.66
2048.74
2048.5
2048.55
2048.73
2048.48
2048.4
2048.63
2048.75
2048.73
2048.81
2048.92
2049.22
2049.06
2048.86
2048.85
2048.97
2048.68
2048.62
2048.83
2049.15
2048.76
2048.48
2048.09
2048
2047.62
2047.57
2047.84
2048.42
2048.56
2048.44
2048.91
2049.13
2049.1
2049.48
2049.38
2049.41
2049.46
2049.55
2049.92
2049.93
2049.31
2048.71
2049.07
2049.16
2048.97
2048.8
2048.18
2047.73
2047.78
2047.78
2047.97
2047.91
2048.05
2048.16
2048.84
2048.59
2048.26
2047.97
2047.59
2047.6
2047.62
2047.52
2047.66
2047.78
2048.28
2048.64
2049.01
2048.98
2049.09
2048.87
2049.01
2049.01
2048.51
2048.43
2048.48
2048.34
2048.37
2048.64
2048.8
2048.64
2048.55
2048.53
2048.61
2048.54
2048.38
2048.42
2048.04
2047.8
2047.71
2047.85
2048.01
2047.71
2047.53
2047.47
2047.57
2048.14
2048.59
2048.67
2048.33
2048.43
2048.57
2048.43
2048.76
2048.66
2048.3
2048.19
2048.43
2048.37
2048.2
2047.57
2047.26
2047.25
2047.41
2047.57
2048.08
2048.25
2048.05
2048.24
2048.43
2048.54
2048.32
2048.11
2048.68
2048.9
2049.27
2048.96
2048.6
2048.19
2047.87
2047.75
2047.67
2047.97
2047.66
2047.8
2048.39
2048.79
2049.18
2048.97
2049.33
2049.08
2048.9
2048.83
2048.86
2048.48
2048.38
2048.31
2048.45
2048.52
2048.47
2048.38
2048.48
2048.26
2048.34
2048.45
2048.43
2048.06
2048.22
2048.15
2048
2047.84
2047.8
2047.76
2047.72
2047.87
2047.95
2048.02
2048.43
2048.61
2048.85
2048.86
2048.95
2048.91
2048.38
2048.05
2047.73
2047.87
2048.01
2048.11
2048.22
2048.21
2048.38
2048.1
2048.09
2047.41
2046.83
2046.92
2047.37
2047.82
2047.75
2047.39
2047.2
2047.52
2048.08
2048.16
2048.3
2048.24
2048.45
2048.56
2049.19
2048.97
2048.35
2047.97
2047.85
2048.01
2048.1
2047.95
2047.71
2047.77
2048.11
2048.24
2048.67
2048.52
2048.54
2048.58
2048.27
2048.31
2048.34
2048.34
2048.39
2048.73
2048.84
2048.88
2048.83
2048.75
2049.03
2048.66
2048.1
2048.42
2048.36
2048.19
2048.17
2047.78
2047.45
2047.67
2047.8
2047.92
2048.31
2047.85
2047.8
2048.16
2048.36
2048.36
2048.11
2047.87
2047.8
2047.58
2047.67
2047.43
2047.05
2046.58
2047.03
2047.3
2047.97
2048.13
2048.25
2048.55
2048.33
2047.98
2047.99
2047.5
2047.03
2046.92
2047.21
2047.24
2047.43
2047.82
2048.31
2048.45
2048.16
2047.9
2048.03
2047.9
2047.83
2048.01
2048.15
2048.38
2048.76
2049.22
2049.3
2049.06
2048.78
2048.48
2048.35
2047.94
2047.71
2047.85
2047.63
2048.01
2048.45
2048.53
2048.43
2048.4
2048.57
2048.37
2048.21
2048.01
2048.01
2047.92
2047.9
2048.07
2047.76
2047.51
2047.23
2047.31
2047.47
2047.23
2047.08
2047.38
2048.01
2048.19
2048.62
2048.36
2047.95
2048.15
2048.25
2048.4
2048.12
2048.03
2047.66
2047.94
2048.31
2048.43
2048.51
2047.87
2047.71
2047.66
2047.71
2047.83
2047.93
2048.23
2048.17
2048.46
2048.68
2048.68
2048.45
2047.96
2047.7
2047.22
2047.11
2047.07
2047.19
2047.47
2047.76
2047.45
2047.34
2047.18
2047.35
2047.43
2047.5
2047.6
2047.67
2047.8
2048.06
2048.14
2047.96
2047.69
2047.92
2048.04
2048.36
2048.35
2048.55
2048.5
2048.57
2048.29
2048.07
2047.73
2047.66
2047.8
2048.21
2048.41
2048.56
2048.85
2049.2
2049.07
2049.17
2049
2050
2047
2047
2048
2047
