2049
2049
2047
2047
2049
2050
2051
2048.41
2048.39
2048.41
2048.12
2047.74
2047.63
2047.79
2048.29
2048.59
2049.08
2048.87
2049.19
2049.28
2049.46
2049.24
2048.86
2048.23
2047.75
2047.42
2047.08
2047.35
2047.77
2048.21
2048.37
2048.22
2048.62
2048.99
2049.5
2049.72
2049.78
2049.59
2049.82
2049.71
2049.82
2050.1
2050.08
2049.6
2048.78
2048.18
2047.93
2047.81
2047.75
2047.76
2047.92
2047.9
2048.24
2048.28
2048.66
2048.48
2048.64
2048.57
2048.33
2047.92
2048
2047.97
2047.91
2048.04
2048.22
2048.2
2048.32
2048.04
2047.75
2047.72
2047.99
2048.04
2048.2
2048.07
2048.39
2048.21
2048.27
2048.55
2048.87
2048.62
2048.13
2047.91
2048.22
2048.53
2048.72
2048.61
2048.53
2048.09
2048.13
2048.11
2048.25
2048.33
2048.47
2048.32
2048.29
2048.49
2048.93
2049.26
2049.68
2049.63
2049.53
2049.31
2049.19
2048.76
2048.66
2048.41
2048.17
2047.89
2047.63
2047.4
2047.36
2047.66
2047.91
2048.17
2048.12
2048.02
2048.06
2048.06
2048.02
2047.72
2047.84
2047.92
2047.75
2047.6
2047.55
2047.74
2047.64
2047.46
2047.45
2047.4
2047.74
2048.02
2048.14
2048.33
2048.45
2048.41
2048.48
2048.57
2048.82
2048.66
2048.42
2048.44
2048.36
2048.34
2048.65
2048.79
2049.04
2049.06
2048.84
2048.93
2049.06
2048.65
2048.63
2048.47
2048.57
2048.27
2048.15
2048.25
2047.89
2048.02
2048.31
2048.5
2048.58
2048.64
2048.49
2047.97
2047.98
2047.82
2047.98
2047.84
2048.09
2047.95
2047.9
2048.42
2048.57
2048.63
2048.47
2048.58
2048.76
2048.73
2048.71
2048.36
2048.45
2048.3
2048.06
2048.01
2047.94
2047.94
2047.79
2047.5
2047.26
2047.76
2047.84
2047.96
2047.51
2042.67
2033.94
2021.73
2018.63
2035.61
2088.23
2164.9
2249.26
2335.99
2420.81
2500.63
2570.98
2627.09
2663.41
2675.52
2667.32
2646.45
2629.19
2624.39
2635.28
2643.16
2643.66
2642.56
2640.76
2639.92
2640.2
2640.76
2641.34
2641.57
2642.57
2647.27
2659.4
2671.71
2673.82
2657.9
2610.9
2537.24
2452.26
2366.24
2282.57
2203.54
2132.63
2075.37
2037.96
2024.94
2034.23
2052.8
2070.09
2078.19
2071.49
2063.16
2061.66
2064.65
2067.37
2068.26
2067.13
2065.74
2064.87
2064.64
2064.54
2065.02
2065.38
2065.49
2065.63
2065.9
2065.65
2065.36
2065
2064.5
2063.95
2063.62
2063.42
2063.15
2062.78
2063.06
2063.03
2063.11
2063.33
2063.37
2063.12
2063.06
2062.56
2062.1
2061.8
2061.27
2060.97
2060.45
2060.14
2059.93
2059.44
2059.56
2059.54
2059.94
2060.15
2060.62
2061.03
2061.23
2061.31
2061.06
2061.08
2060.94
2060.86
2060.59
2060.26
2059.82
2059.56
2059.71
2059.42
2059.32
2059.28
2059.08
2059.19
2059.34
2059.69
2059.71
2059.75
2059.67
2059.68
2059.57
2059.61
2059.4
2058.94
2058.83
2058.86
2058.97
2059.32
2059.66
2059.53
2059.34
2059.02
2058.59
2058.83
2058.75
2058.69
2058.45
2058.38
2058.55
2058.51
2058.61
2058.67
2058.65
2058.32
2058.04
2057.99
2057.85
2057.8
2057.44
2057.46
2057.23
2057.44
2057.62
2057.63
2057.74
2057.69
2058.02
2057.92
2057.89
2057.99
2057.67
2057.52
2057.47
2057.26
2057.28
2057.48
2057.52
2057.81
2057.94
2058
2058.2
2057.78
2057.51
2057.22
2056.71
2054.82
2051.04
2046.36
2045.34
2053.26
2069.15
2095.29
2130.97
2172.74
2217.41
2262.11
2304.96
2343.6
2375.02
2396.87
2409.51
2415.07
2418.77
2423.31
2426.52
2431.53
2437.38
2441.96
2444.92
2447.37
2449.86
2452.48
2454.9
2457.12
2459.47
2462.5
2467.34
2473.72
2477.19
2473.7
2460.26
2437.13
2404.37
2364.87
2322.31
2278.71
2236.6
2198.09
2166.05
2142.87
2129.45
2123.86
2120.86
2118.03
2114.11
2110.07
2105.35
2101.36
2098.81
2096.98
2095.14
2093.66
2092.23
2090.72
2089.21
2087.97
2086.92
2085.94
2085.06
2084.17
2083.33
2082.89
2082.43
2082.05
2081.66
2081.33
2080.61
2080.04
2079.47
2078.97
2078.28
2077.47
2076.94
2076.47
2076
2076.06
2075.76
2075.52
2075.12
2074.34
2073.85
2073.47
2073.18
2073
2072.76
2072.51
2072.28
2072.17
2072.16
2072.31
2072.2
2071.66
2070.93
2070.07
2069.79
2069.44
2069.32
2069.35
2069.08
2069.22
2069.13
2069.18
2069.05
2068.77
2068.76
2068.13
2067.78
2067.63
2067.97
2068.15
2068.01
2067.97
2067.65
2067.67
2067.56
2067.34
2067.09
2066.95
2066.88
2066.5
2066.31
2066.23
2066.09
2066.05
2065.39
2065.15
2064.87
2064.25
2064.07
2063.77
2063.91
2064.24
2064.51
2064.53
2064.31
2064.54
2064.61
2064.34
2064.21
2064.15
2064.03
2063.45
2063.36
2063.27
2063.4
2063.33
2062.97
2062.52
2062.13
2061.97
2061.62
2061.37
2061.57
2061.49
2061.64
2061.76
2061.78
2061.78
2061.95
2061.88
2061.98
2062.03
2061.72
2061.58
2061.7
2061.61
2061.45
2061.57
2062.08
2062.02
2061.24
2060.34
2059.14
2058
2056.7
2055.35
2054.25
2053.64
2053.38
2053.87
2054.37
2055.75
2057.07
2057.59
2058.03
2058.05
2057.79
2057.79
2057.73
2058.11
2058.57
2058.59
2058.73
2059.05
2058.76
2058.83
2058.45
2057.82
2057.28
2056.53
2056.43
2056.4
2057.06
2058.05
2059.14
2059.88
2060.61
2060.94
2060.9
2060.39
2059.5
2058.34
2056.96
2055.56
2054.14
2052.97
2052.62
2052.36
2052.33
2052.12
2051.81
2051.52
2051.3
2050.83
2050.69
2050.48
2050.17
2049.89
2049.87
2050.2
2050.3
2050.29
2050.11
2049.69
2049.44
2049.47
2049.37
2049.41
2049.61
2049.82
2049.88
2049.92
2050.03
2050.14
2049.85
2049.56
2049.17
2049.08
2049.3
2049.32
2049.28
2049.33
2049.34
2049.78
2049.58
2049.49
2049.25
2049.19
2048.79
2048.66
2048.61
2048.72
2048.52
2048.43
2048.43
2048.41
2048.52
2048.75
2048.64
2048.73
2048.53
2048.59
2048.77
2048.6
2048.4
2048.39
2048.61
2048.86
2048.82
2048.8
2049.02
2048.99
2049
2048.83
2048.76
2048.97
2049
2048.79
2048.95
2048.75
2048.64
2048.21
2048.07
2047.94
2047.95
2047.96
2048.23
2048.17
2048.12
2048.41
2048.61
2049.11
2049.64
2049.49
2049.4
2049.34
2049.38
2049.51
2049.67
2049.75
2049.46
2049.29
2049.15
2048.95
2048.65
2048.46
2048.28
2048.02
2047.91
2047.94
2047.85
2048.13
2048.11
2048.21
2048.11
2048.56
2048.42
2047.95
2047.88
2047.6
2047.44
2047.66
2047.71
2047.94
2048.26
2048.68
2048.85
2048.97
2048.76
2049.09
2048.99
2048.75
2048.82
2048.59
2048.4
2048.31
2048.4
2048.68
2048.68
2048.68
2048.62
2048.43
2048.51
2048.68
2048.47
2048.1
2048.1
2047.95
2047.78
2047.87
2047.9
2047.67
2047.45
2047.55
2047.84
2048.24
2048.56
2048.4
2048.36
2048.36
2048.31
2048.61
2048.86
2048.8
2048.42
2048.34
2048.1
2047.98
2047.87
2047.9
2047.6
2047.41
2047.62
2047.69
2047.69
2047.98
2048.14
2048.09
2048.57
2048.61
2048.26
2048.52
2048.63
2049.02
2048.76
2048.73
2048.54
2048.31
2048.04
2047.78
2047.87
2047.84
2047.97
2047.78
2048.12
2048.81
2049.03
2049.4
2049.02
2048.9
2048.89
2048.98
2048.58
2048.62
2048.62
2048.54
2048.38
2048.28
2048.31
2048.36
2048.43
2048.65
2048.34
2048.33
2048.36
2048.22
2047.93
2048.02
2048.04
2048.11
2047.91
2047.7
2047.68
2047.7
2047.9
2048.27
2048.47
2048.76
2048.74
2048.89
2048.8
2048.34
2048.33
2048.19
2048.2
2048.22
2048.12
2047.93
2047.93
2048.2
2048.09
2048.16
2047.8
2047.61
2047.24
2047.22
2047.44
2047.36
2047.42
2047.35
2047.44
2047.76
2048.02
2048.21
2048.27
2048.45
2048.2
2048.58
2048.81
2048.88
2048.6
2048.21
2047.91
2047.84
2048
2047.94
2047.78
2048
2048.19
2048.27
2048.26
2048.7
2048.57
2048.21
2048.33
2048.39
2048.45
2048.56
2048.67
2048.42
2048.63
2048.84
2048.77
2048.97
2048.83
2048.62
2048.55
2048.28
2048.24
2048.16
2047.86
2047.82
2047.83
2047.75
2047.87
2047.98
2047.84
2047.97
2047.84
2048.1
2048.51
2048.26
2048.18
2047.98
2047.47
2047.61
2047.59
2047.3
2047.05
2047.26
2047.01
2047.4
2047.68
2048.15
2048.33
2048.24
2048.2
2048.01
2047.73
2047.7
2047.3
2047.05
2047.16
2047.29
2047.51
2047.98
2048.08
2048.1
2048.03
2048.04
2047.99
2047.98
2048.08
2048.06
2048.18
2048.58
2048.72
2048.8
2049.1
2049.16
2048.84
2048.47
2048.17
2048.08
2047.93
2047.73
2047.95
2048.05
2048.33
2048.38
2048.29
2048.44
2048.44
2048.42
2048.25
2048.19
2047.97
2048.02
2048
2047.61
2047.65
2047.6
2047.53
2047.37
2047.25
2047.17
2047.26
2047.7
2047.9
2048.26
2048.18
2048.2
2048.22
2048.1
2048.31
2048.23
2048.4
2048.02
2047.76
2047.79
2048.27
2048.56
2048.18
2048.1
2047.6
2047.57
2047.78
2047.97
2048.14
2048.23
2048.43
2048.23
2048.29
2048.43
2048.46
2048.18
2047.66
2047.42
2047.13
2047.14
2047.32
2047.56
2047.35
2047.37
2047.27
2047.31
2047.35
2047.51
2047.66
2047.66
2047.64
2047.79
2047.78
2047.8
2048.04
2048.16
2047.99
2048.21
2048.13
2048.37
2048.32
2048.54
2048.4
2048.19
2048.09
2048.02
2047.76
2047.92
2048.15
2048.32
2048.7
2048.96
2048.9
2049.06
2048
2049
2050
2047
2047
2048
2047
