2049
2049
2047
2047
2048.74
2049.23
2048.93
2048.4
2047.65
2047.68
2047.82
2048.31
2048.33
2048.39
2047.7
2047.74
2048.1
2049.03
2049.67
2050.1
2049.86
2049.65
2048.9
2048.18
2047.52
2047.06
2046.65
2046.95
2047.2
2047.8
2048.78
2049.58
2049.82
2049.23
2048.25
2048.43
2049.03
2049.71
2050.7
2051
2050.55
2049.79
2048.77
2048.93
2049.01
2049.18
2048.55
2047.84
2047.29
2047.12
2046.91
2047.63
2048.4
2049.27
2049.15
2049.13
2048.74
2048.27
2047.48
2047.58
2048.07
2048.13
2047.68
2048.52
2048.5
2048.19
2047.75
2048.22
2048.31
2047.96
2047.37
2047.65
2047.95
2048.05
2048.31
2049.1
2048.86
2048.52
2047.93
2047.97
2048.62
2048.8
2048.32
2048
2047.81
2048.5
2048.59
2049.17
2049
2048.45
2047.43
2047.2
2047.71
2048.45
2048.73
2049.51
2049.46
2049.15
2048.66
2049
2049.46
2049.73
2049.81
2049.73
2048.97
2048
2047
2047.31
2047.58
2047.67
2047.88
2048.07
2047.97
2047.57
2047.65
2048.26
2048.39
2048.13
2048.16
2048.23
2047.9
2047.09
2047.14
2047.8
2048.06
2047.6
2047.68
2048.04
2047.89
2047.1
2046.84
2047.66
2047.64
2048.24
2049.14
2049.66
2049.29
2048.21
2047.77
2048.09
2047.78
2048.64
2049
2049.19
2049.06
2048.25
2048.42
2048.51
2048.54
2049.38
2049.53
2049.34
2049.08
2048.45
2047.81
2047.48
2047.66
2048.48
2048.35
2048.66
2048.78
2048.25
2047.78
2048
2048.48
2048.93
2048.52
2048.48
2047.69
2047.04
2047.06
2047.63
2048.3
2048.79
2048.91
2048.99
2049.09
2048.72
2047.96
2047.75
2048.21
2048.83
2048.99
2049.06
2048.67
2048.03
2047.3
2046.72
2047.39
2047.77
2048
2048.35
2048.03
2047.84
2048.01
2047.77
2048.43
2048.25
2043.43
2038.93
2042.12
2078.8
2163.58
2306.35
2464.19
2590.16
2663.88
2682.75
2658.8
2625.92
2607.88
2622.33
2638.57
2643.45
2643.82
2641.23
2639.94
2639.52
2639.68
2640.59
2641.02
2641.04
2640.98
2641.27
2642.26
2642.37
2642.65
2644.33
2650.01
2660.06
2655.18
2616.84
2534.58
2400.23
2244.5
2114.42
2039.74
2023.41
2041.35
2069.91
2088.47
2080.08
2062.96
2056.32
2060.36
2066.4
2070.12
2069.85
2068.28
2066.26
2064.94
2064.56
2065.04
2064.8
2064.9
2064.92
2065.56
2065.18
2065.48
2065.94
2065.94
2065.75
2065.55
2064.92
2064.06
2062.87
2062.55
2062.69
2062.67
2063.32
2063.52
2063.47
2063.61
2063.08
2062.89
2062.79
2062.68
2062.39
2062.23
2061.4
2060.91
2060.14
2059.84
2059.7
2059.57
2059.59
2059.94
2059.54
2059.99
2060.28
2060.84
2061.28
2061.53
2062.24
2061.7
2060.86
2060.1
2059.71
2059.93
2059.87
2060.1
2060.46
2059.47
2059.21
2059.07
2058.91
2058.82
2058.85
2059.43
2060.03
2060.19
2060.55
2060.22
2059.43
2058.76
2058.59
2059.02
2059.18
2059.19
2059.12
2059.05
2059.23
2059.05
2059.64
2060.04
2059.44
2058.86
2058.04
2057.55
2058.06
2058.13
2059.07
2059.29
2058.99
2059
2058.21
2058.01
2058.03
2057.72
2057.79
2057.43
2058.06
2058.1
2057.39
2057.19
2056.88
2057.03
2057.56
2057.93
2058.71
2058.43
2058.04
2058.06
2057.54
2057.11
2057.04
2057.06
2057.48
2057.64
2057.58
2057.99
2057.76
2057.81
2058.03
2058.15
2058.06
2057.85
2056.98
2056.71
2056.47
2056.04
2054.73
2053.27
2055.76
2071.09
2106.16
2155.19
2216.13
2279.83
2332.7
2367.52
2385.13
2394.02
2401.61
2405.66
2412.47
2421.41
2428.37
2433.64
2437.84
2441.14
2444.2
2447.35
2450.19
2452.29
2454.14
2456.66
2459.04
2460.96
2462.76
2464.95
2467.53
2469.8
2470.42
2460.06
2432.02
2384.94
2326.22
2263.66
2208.88
2171.97
2153.3
2144.67
2139.08
2133.01
2126.94
2119.45
2112.46
2107.94
2104.87
2102.53
2099.87
2097.41
2095.13
2093.12
2091.8
2090.25
2089.91
2088.99
2087.51
2085.77
2084.61
2083.68
2082.97
2082.32
2082.63
2082.32
2082.19
2081.6
2080.97
2080.42
2079.04
2078.22
2077.88
2077.6
2077.45
2076.84
2076.16
2075.83
2075.08
2074.7
2075.24
2075.26
2075
2074.02
2072.92
2072.09
2071.51
2071.6
2072.64
2073.03
2073.19
2072.58
2072
2071.46
2070.74
2070.49
2069.79
2069.23
2068.54
2068.87
2069.14
2069.43
2069.67
2069.54
2069.35
2068.86
2068.26
2068.21
2067.67
2067.79
2067.48
2067.24
2068.09
2068.32
2068.82
2068.15
2067.64
2067.1
2066.2
2066.26
2066.43
2066.83
2067.25
2066.72
2066.43
2065.66
2065.07
2064.89
2064.57
2064.3
2064.44
2064.55
2063.76
2063.51
2063.52
2064.09
2065
2065.31
2065.34
2064.76
2064.09
2063.7
2062.9
2063.19
2063.48
2063.79
2063.48
2063.23
2063.51
2063.06
2062
2061.63
2061.27
2061.19
2060.93
2061.32
2061.88
2062.39
2062.2
2062
2062.03
2061.57
2061.16
2061.6
2061.94
2062.27
2062.15
2061.71
2061.55
2061.11
2060.7
2060.79
2061.42
2062.33
2061.44
2059.13
2056.94
2054.29
2052.45
2051.48
2052.26
2054.1
2055.27
2056.36
2057.96
2057.9
2058.5
2058.25
2057.87
2057.82
2057.14
2057.09
2057.77
2058.05
2059.49
2060.24
2059.8
2059.28
2058.2
2057.31
2056.7
2056.42
2056.44
2056.54
2056.47
2057.39
2058.29
2059.68
2060.97
2062.05
2062.19
2061.48
2059.85
2058.2
2055.91
2054.62
2053.72
2053.19
2052.68
2051.99
2051.82
2052.26
2052.27
2052.17
2051.81
2051.08
2050.49
2049.7
2049.47
2049.89
2050.08
2050.23
2050.25
2050.56
2050.72
2050.16
2049.62
2049.31
2048.61
2048.47
2048.99
2049.88
2050.62
2050.72
2050.94
2050.29
2049.38
2048.89
2049.1
2048.86
2048.84
2048.98
2049.85
2050.12
2049.72
2049.39
2049.37
2049
2049.29
2049.13
2049.45
2049.14
2048.53
2048.14
2048.13
2048.2
2048.68
2048.38
2048.91
2048.84
2048.76
2048.56
2048.58
2048.54
2048.52
2048.3
2048.78
2049.04
2048.47
2048.32
2048.44
2048.99
2049.05
2048.96
2049.24
2049.66
2048.78
2048.46
2048.29
2048.64
2048.79
2048.84
2049.15
2049.42
2048.42
2047.71
2046.97
2047.11
2047.41
2047.92
2049.11
2049.98
2049.34
2048.63
2048.45
2048.61
2049
2049.92
2050.38
2050.33
2049.67
2048.93
2049.12
2049
2049.03
2049.02
2049.2
2049.11
2048.47
2047.84
2047.57
2047.21
2047.34
2047.67
2048.72
2048.93
2048.79
2048.51
2048.28
2047.63
2047.79
2047.58
2047.35
2047.55
2047.75
2047.76
2048.29
2048.28
2048.95
2049.27
2049.38
2049.47
2048.83
2048.33
2048.58
2048.39
2048.28
2048.63
2048.72
2048.54
2048.25
2048.52
2049.09
2048.69
2048.45
2048.57
2048.29
2048.2
2048.08
2048.2
2047.85
2047.55
2047.61
2047.64
2047.88
2047.97
2047.68
2047.62
2047.68
2048.46
2049.16
2049.29
2048.92
2048.32
2047.93
2047.58
2048.26
2049.06
2049.1
2048.58
2048.13
2047.49
2047.04
2046.45
2047.32
2047.73
2048.02
2048.59
2048.91
2048.42
2047.94
2047.76
2048.04
2048.68
2048.72
2048.79
2049.23
2049.25
2049
2048.25
2047.8
2047.7
2047.13
2047.13
2047.96
2048.56
2048.88
2048.45
2048.66
2048.91
2049.35
2049.26
2049.53
2049.08
2048.38
2048.19
2048.26
2048
2048.48
2048.7
2049.12
2048.5
2048.09
2048.18
2048.16
2047.96
2048.58
2048.6
2048.67
2048.17
2047.71
2047.5
2047.39
2047.77
2048.18
2048.11
2048.09
2047.97
2047.96
2048.17
2048.69
2049.23
2049.56
2049.15
2048.79
2048.1
2047.01
2047.04
2047.47
2048.3
2048.98
2048.94
2048.74
2048.02
2047.33
2047.02
2047.03
2047.12
2047.24
2047.29
2047.89
2048.07
2047.94
2047.32
2047.26
2047.35
2048.12
2048.71
2049.36
2049.3
2048.77
2047.99
2048.18
2048.39
2048.24
2048
2047.8
2047.85
2047.81
2047.76
2048.11
2048.09
2048.46
2048.74
2048.81
2048.65
2048.7
2048.33
2047.56
2047.87
2048.55
2048.77
2049.12
2049.3
2049.08
2048.79
2048.2
2048.32
2048.66
2048.49
2048.25
2048.54
2048.02
2047.83
2047.6
2047.27
2047.66
2047.71
2048
2048.57
2048.66
2047.97
2047.82
2047.48
2048.11
2048.45
2048.25
2048.08
2047.7
2046.58
2046.77
2046.84
2046.99
2047.17
2047.75
2048.22
2048.54
2048.47
2048.83
2048.46
2047.55
2047.06
2047.18
2046.81
2047.03
2047.04
2047.61
2048.06
2047.97
2048.41
2048.78
2048.44
2047.85
2047.36
2047.65
2047.71
2047.79
2048.84
2049.15
2049.24
2049.26
2049.03
2048.97
2048.52
2048.23
2048
2047.54
2047.52
2047.81
2048
2048.05
2048.55
2049.01
2048.9
2048.42
2048
2048.08
2047.97
2047.74
2048.03
2048.27
2048.03
2047.81
2047.68
2047.29
2047.02
2047.02
2047.29
2047.57
2047.45
2047.61
2048.01
2048.4
2048.6
2048.85
2048.48
2047.92
2047.61
2047.51
2048.13
2048.44
2048.59
2048.21
2047.7
2047.77
2048.37
2048.45
2047.99
2047.61
2047.48
2047.16
2047.67
2048.47
2049.14
2049.29
2048.77
2048.39
2047.58
2047.4
2047.22
2047.2
2047.07
2047.2
2047.31
2047.43
2047.72
2048.01
2047.42
2047.18
2046.87
2047.06
2047.39
2047.84
2048.52
2048.51
2047.91
2047.92
2047.5
2047.48
2047.8
2048.32
2048.75
2048.9
2048.68
2048.71
2047.98
2047.93
2047.65
2047.68
2047.8
2048.08
2048.09
2048.83
2048.93
2049.25
2049.26
2049.21
2048.8
2048.46
2047
2047
2048
2047
