2049
2049
2047
2047
2049
2048.56
2048.4
2048.34
2048.4
2048.11
2047.81
2047.78
2048.11
2048.04
2048.27
2048.03
2048.29
2048.79
2049.7
2049.76
2049.87
2049.53
2048.91
2048.22
2047.66
2046.95
2046.81
2047.06
2047.25
2047.95
2048.95
2049.3
2049.18
2048.81
2048.79
2048.95
2049.59
2049.8
2049.87
2050.35
2050.58
2050.07
2049.52
2048.85
2048.86
2048.76
2048.44
2047.9
2047.45
2047.12
2047.32
2047.7
2048.52
2048.67
2049.15
2048.97
2048.76
2048.19
2047.92
2047.83
2047.8
2047.75
2048.29
2048.28
2048.27
2048.09
2048.24
2048.03
2048.18
2047.91
2047.41
2047.56
2048.28
2048.24
2048.46
2048.43
2048.6
2048.48
2048.53
2048.41
2048.39
2048.35
2047.91
2048.03
2048.79
2048.53
2048.68
2048.46
2048.45
2048.3
2048.28
2047.75
2047.48
2048.04
2048.98
2049.23
2049.43
2048.91
2048.86
2049.28
2049.78
2049.7
2049.45
2049.11
2048.87
2048.27
2047.9
2047.22
2047.16
2047.61
2047.96
2048.07
2047.76
2047.68
2047.88
2048.22
2048.38
2048.07
2048.01
2048.07
2047.81
2047.51
2047.47
2047.61
2047.6
2047.81
2047.86
2047.91
2047.59
2047.14
2047.22
2047.34
2048.18
2048.58
2048.75
2048.97
2048.9
2048.69
2048.28
2047.91
2048.3
2048.22
2048.82
2049.16
2048.75
2048.61
2048.38
2048.58
2049.07
2049.15
2049.16
2049.06
2049.17
2048.51
2047.84
2047.83
2047.94
2047.92
2048.65
2048.66
2048.08
2048.26
2048.38
2048.27
2048.55
2048.5
2048.36
2047.87
2048.07
2047.54
2047.31
2047.63
2048
2048.57
2049.01
2049.21
2048.86
2048.35
2047.99
2048.19
2048.77
2048.72
2048.67
2048.4
2048.51
2048.41
2047.61
2047.14
2046.97
2047.67
2048.27
2048.14
2047.78
2047.82
2047.96
2048.27
2047.76
2042.69
2035.33
2030.24
2046.58
2097.66
2199.55
2326.84
2449.12
2554.48
2630.48
2668.95
2672.63
2650.22
2626.28
2615.84
2629.19
2641.28
2643.39
2643.2
2641.08
2639.72
2639.76
2640.19
2640.73
2640.94
2641.34
2641.62
2641.74
2642.38
2643.54
2649.03
2661.18
2665.9
2648.47
2598.79
2504.21
2379.75
2254.74
2149.36
2073.69
2034.77
2031.63
2047.81
2069.02
2081.68
2074.42
2062.71
2059.51
2063.26
2067.27
2069.5
2068.86
2067.09
2065.53
2064.75
2064.35
2064.79
2065.09
2065.34
2064.88
2065.38
2065.69
2065.78
2066.03
2065.88
2065.09
2064.62
2064.1
2063.39
2062.69
2062.64
2062.88
2063.01
2063.43
2063.64
2063.24
2063.2
2063.03
2062.92
2062.64
2062.45
2061.85
2061.34
2060.95
2060.48
2059.87
2059.59
2059.53
2059.71
2059.58
2059.97
2059.8
2060.42
2060.86
2061.24
2061.93
2061.61
2061.41
2060.78
2060.38
2060.27
2059.93
2059.93
2059.84
2059.66
2059.91
2059.62
2059.08
2058.6
2058.71
2059.18
2059.65
2060.06
2060.23
2059.79
2059.93
2059.73
2059.21
2058.98
2058.76
2058.86
2059.02
2059.29
2059.32
2059.01
2059.39
2059.65
2059.58
2059.42
2058.63
2057.94
2058.24
2058.28
2058.49
2058.38
2058.82
2059.21
2058.89
2058.79
2057.9
2057.61
2057.93
2057.65
2058.18
2057.84
2057.39
2057.32
2057.29
2057.34
2057.34
2057.55
2057.75
2058.02
2058.65
2058.51
2057.74
2057.39
2057.16
2057.12
2057.54
2057.45
2057.22
2057.5
2057.87
2058.12
2058.06
2057.96
2057.72
2058
2057.82
2057.19
2056.56
2056.08
2054.23
2051.62
2050.46
2057.04
2079.09
2113.53
2160.57
2216.91
2273.87
2323.69
2361.15
2384.62
2396.57
2403.34
2409.45
2413.41
2419.81
2427.71
2433.9
2437.98
2441.01
2444.21
2447.68
2450.13
2452.12
2454.38
2456.56
2459.09
2461.38
2463.18
2465.71
2469.87
2473.95
2470.41
2454.21
2422.39
2378.16
2324.93
2269.02
2218.6
2179.23
2154.24
2142
2135.88
2131.17
2125.57
2120.04
2113.56
2108.18
2104.9
2102.1
2099.61
2097.17
2095.1
2093.55
2091.81
2090.72
2089.5
2088.5
2087.25
2086.07
2084.9
2083.69
2082.9
2082.69
2082.2
2082.56
2082.14
2081.39
2080.87
2080.15
2079.29
2078.5
2078.06
2077.58
2077.08
2076.79
2076.21
2075.67
2075.36
2075.19
2075.06
2075.13
2074.55
2073.73
2073
2072.33
2072.03
2072.11
2072.23
2072.71
2072.72
2072.72
2072.18
2071.53
2071.03
2070.07
2069.65
2069.13
2069.16
2069.04
2069.05
2069.3
2069.28
2069.61
2069.44
2068.87
2068.41
2067.76
2068.13
2067.65
2067.4
2067.66
2067.9
2068.68
2068.24
2068.05
2067.38
2066.94
2067.1
2066.44
2066.31
2066.64
2066.81
2066.93
2066.32
2065.76
2065.07
2064.93
2064.7
2064.41
2064.53
2063.89
2063.69
2063.78
2064.01
2064.4
2064.83
2064.93
2064.54
2065.03
2064.75
2063.35
2063.25
2063.12
2063.45
2063.72
2063.64
2063.2
2063.07
2063.09
2062.28
2061.55
2061.38
2060.95
2061.28
2061.58
2061.81
2061.93
2062.14
2062.1
2061.88
2061.7
2061.55
2061.48
2062
2062.19
2061.88
2061.65
2061.49
2061.26
2060.95
2061.18
2061.91
2061.63
2060.52
2058.87
2056.58
2054.9
2053.17
2052.13
2052.26
2053.51
2055.29
2056.77
2057.18
2058.04
2058.25
2058.33
2058.11
2057.52
2057.21
2057.24
2057.83
2058.92
2059.24
2059.5
2059.33
2059.14
2058.72
2057.63
2056.78
2056.18
2056.13
2056.55
2057.19
2057.24
2058.31
2059.73
2061.11
2061.93
2061.86
2060.88
2059.74
2058.21
2056.65
2054.87
2053.69
2052.87
2052.41
2052.3
2052.32
2052.12
2052.09
2051.83
2051.58
2051.28
2050.59
2049.85
2049.59
2049.84
2050.11
2050.11
2050.36
2050.54
2050.4
2050.27
2049.67
2048.87
2048.8
2049.04
2049.32
2049.73
2050.21
2050.65
2050.53
2050.34
2049.68
2049.19
2048.86
2048.81
2048.87
2049.42
2049.75
2049.74
2049.52
2049.41
2049.31
2049.75
2049.21
2048.99
2048.86
2049.1
2048.84
2048.4
2048.17
2048.14
2048.24
2048.95
2048.76
2048.72
2048.59
2048.64
2048.65
2048.71
2048.38
2048.41
2048.77
2048.76
2048.51
2048.41
2048.71
2048.85
2049.04
2049.06
2049.14
2049.15
2049.14
2048.47
2048.46
2048.67
2048.83
2048.94
2049.14
2048.75
2048.45
2047.66
2047.42
2047.25
2047.57
2048.24
2048.89
2049.21
2049.06
2048.87
2048.83
2048.9
2049.52
2049.55
2049.65
2050.01
2049.95
2049.53
2049.1
2048.98
2048.61
2049.18
2049.54
2048.79
2048.22
2047.82
2047.43
2047.72
2047.79
2047.81
2047.91
2048.82
2048.89
2048.65
2048.14
2047.87
2047.58
2047.55
2047.67
2047.54
2047.47
2047.94
2048.13
2048.65
2048.85
2049.26
2049.23
2049.04
2048.92
2048.81
2048.56
2048.31
2048.33
2048.54
2048.58
2048.47
2048.62
2048.7
2048.55
2048.81
2048.59
2048.27
2048.52
2048.4
2048.11
2047.72
2047.85
2047.84
2047.64
2047.9
2047.73
2047.45
2047.67
2047.85
2048.26
2048.61
2048.85
2048.6
2048.62
2048.76
2048.13
2048.18
2048.42
2048.4
2048.59
2048.87
2048.15
2047.42
2047.02
2047.09
2047.02
2047.8
2048.26
2048.25
2048.42
2048.45
2048.16
2048.05
2048.37
2048.41
2048.33
2049
2049.32
2049.34
2048.67
2048.11
2047.79
2047.67
2047.75
2047.35
2047.66
2048.3
2048.53
2048.81
2048.75
2049.12
2049.12
2049.48
2049.08
2048.75
2048.76
2048.59
2048
2048.18
2048.45
2048.74
2048.66
2048.63
2048.16
2048.06
2048.36
2048.49
2048.13
2048.48
2048.36
2048.24
2047.92
2047.56
2047.59
2047.8
2047.96
2047.99
2047.96
2048.04
2048.09
2048.51
2048.79
2049.01
2049.12
2049.22
2048.72
2047.79
2047.51
2047.29
2047.77
2048.4
2048.54
2048.52
2048.33
2048.41
2047.72
2047.18
2046.89
2046.79
2047.24
2047.9
2047.91
2047.62
2047.38
2047.41
2047.59
2048.18
2048.12
2048.28
2048.72
2049.23
2048.84
2048.72
2048.29
2047.87
2048.04
2048.15
2047.96
2047.83
2047.9
2047.7
2047.72
2048.58
2048.61
2048.53
2048.56
2048.72
2048.59
2048.14
2048.1
2048.03
2048.32
2048.92
2049.11
2048.88
2048.92
2048.92
2048.59
2048.51
2048.48
2048.15
2048.43
2048.44
2048.16
2047.76
2047.48
2047.37
2047.66
2048.17
2048
2048.17
2048.21
2048.06
2047.96
2048.25
2048.06
2047.95
2048.09
2047.93
2047.4
2047.43
2046.83
2046.57
2046.72
2047.59
2047.81
2048.13
2048.46
2048.49
2048.46
2048.43
2047.77
2047.2
2046.97
2047.09
2046.89
2047.29
2047.51
2047.74
2048.31
2048.54
2048.44
2048.17
2047.75
2047.8
2047.71
2047.82
2048.17
2048.25
2048.97
2049.48
2049.32
2048.96
2048.71
2048.71
2048.25
2047.9
2047.74
2047.49
2047.81
2047.98
2048.24
2048.59
2048.77
2048.62
2048.35
2048.37
2048.1
2047.97
2047.93
2047.86
2048
2048.2
2048.01
2047.31
2047.18
2047.28
2047.28
2047.35
2047.27
2047.26
2047.64
2048.48
2048.52
2048.48
2048.3
2048.09
2048.25
2048.16
2047.95
2047.67
2048.25
2048.25
2048.1
2048.29
2048.17
2048.13
2047.95
2047.85
2047.64
2047.55
2047.84
2047.79
2048.24
2048.77
2049.09
2048.87
2048.19
2047.93
2047.45
2047.3
2047.07
2047.08
2047.15
2047.36
2047.67
2047.83
2047.36
2047.35
2047.21
2047.26
2047.28
2047.46
2047.79
2048
2048.3
2048.36
2047.72
2047.56
2047.62
2048.03
2048.31
2048.63
2048.62
2048.66
2048.44
2048.52
2047.86
2047.56
2047.66
2047.88
2048.01
2048.48
2048.56
2048.83
2049.16
2049.49
2048.99
2048.78
2050
2047
2047
2048
2047
