2049
2049
2047.34
2047.26
2048.66
2050.51
2049.71
2048.63
2046.29
2046.89
2047.63
2049.86
2048.97
2047.77
2047
2047.66
2048.26
2049
2049.83
2050.09
2050.09
2049.91
2048.57
2048.2
2047.46
2047.2
2046.49
2047.09
2046.74
2047.86
2048.97
2049.26
2050.03
2050.29
2049.03
2046.66
2047.43
2050.09
2052.4
2052.17
2049.83
2048.6
2048.49
2049.51
2049.06
2049.37
2048.46
2048.37
2046.89
2046.77
2046.83
2047.74
2048.26
2049
2050
2049.66
2048.09
2047.77
2047.8
2048.03
2047.06
2048.29
2048.71
2048.43
2047.09
2048.86
2048.94
2047.63
2046.83
2048.74
2048.66
2047.51
2046.66
2047.34
2049.26
2049.89
2048.86
2048.26
2047.71
2047.63
2047.89
2049.69
2049.31
2048.43
2046.57
2046.69
2049.09
2051.31
2049.57
2047.54
2046.46
2047.11
2047.49
2049.34
2049.23
2048.77
2048.83
2050
2049.57
2048.43
2047.83
2049.6
2051.31
2050.83
2048.43
2047
2046.83
2047.26
2047.66
2048.6
2047.8
2047.29
2047.57
2048.74
2048.09
2046.91
2047.77
2049.06
2049.43
2047.49
2046.94
2047.4
2047.91
2047.09
2047.43
2048.74
2048.31
2046.86
2047.09
2048.49
2047.91
2046.17
2046.43
2049
2049.71
2049.97
2049.29
2048.77
2046.91
2047
2048.34
2049.4
2049
2048.86
2048.8
2049.03
2048.4
2047.74
2048.37
2049.29
2050.11
2049.83
2049.31
2047.6
2047.34
2048.4
2047.57
2047.54
2048.54
2049.77
2048.14
2048.63
2047.94
2047.2
2047.6
2049.54
2050.03
2048.4
2047.17
2046.26
2046.83
2048.17
2048.4
2049.03
2048.8
2048.94
2048.57
2049.17
2048.91
2047.57
2046.77
2047.66
2050.51
2050.8
2048.6
2046.43
2046.4
2047.77
2047.97
2047.51
2047.43
2048.14
2048.77
2048.57
2047.66
2046.69
2048.26
2049.63
2050.63
2049.94
2048
2065.89
2129
2269.09
2456.63
2650.03
2727.83
2685.14
2609.29
2595.49
2616.2
2632.8
2643.14
2644.94
2642.23
2639.94
2638.57
2639
2640.86
2641.11
2640.71
2640.49
2641.66
2641.17
2641.34
2642.83
2643.66
2643.17
2643.26
2645.77
2649.4
2638.94
2567.6
2424.11
2245.29
2077.6
1985.11
2002.69
2078.29
2110.83
2091.91
2064.11
2052.11
2054.74
2063.4
2069.83
2072.17
2070.23
2067.03
2064.31
2065.2
2065.29
2065.29
2064.49
2065.17
2064.49
2065.11
2065.97
2066.34
2064.57
2065.37
2066.54
2066.26
2064.86
2063.8
2062.77
2062
2062.74
2063
2063.34
2063.4
2063.69
2063.4
2063.34
2063.09
2062.23
2062.46
2062.54
2062.94
2061.23
2061.03
2059.54
2059.71
2059.8
2060.17
2059.51
2059.23
2059.94
2060.14
2060.26
2060.51
2061.06
2062.11
2061.8
2062.03
2061.66
2060.06
2058.71
2058.71
2060.94
2061.06
2060.43
2059.09
2059
2058.49
2059.2
2059.8
2059
2058.03
2059.23
2061.43
2061.4
2060.43
2058.83
2058
2058.51
2059.14
2059.77
2059.49
2059
2058.34
2058.91
2059.91
2059.83
2059.09
2059.69
2059.89
2058.26
2056.86
2056.8
2058.03
2060.09
2060.29
2059.14
2057.37
2058.2
2058.49
2058.57
2057.94
2056.8
2057.46
2057.8
2058.43
2058.6
2057.29
2055.63
2055.83
2058.49
2058.91
2058.69
2058.06
2057.86
2057.57
2058.17
2057.91
2056.49
2056.2
2056.97
2058.6
2058.66
2057.74
2056.43
2057.51
2058.8
2058.77
2058
2057.4
2056.69
2057.09
2056.89
2056.29
2056.4
2057.57
2058.4
2066.6
2092.26
2146.09
2222.26
2288.29
2337.23
2370.63
2390.46
2391.31
2393.6
2403.57
2415.09
2423.31
2428.26
2432.6
2437.14
2441.94
2445.14
2447.09
2448.43
2452.34
2456.14
2456.74
2457.29
2460.31
2463.83
2465.26
2465.91
2466.09
2465.94
2462
2444.74
2397.8
2326.23
2251.34
2200
2168.83
2152.97
2146.43
2143.51
2136.29
2125.4
2117.94
2112.23
2108.43
2104.74
2102.09
2100.34
2098.31
2095.26
2092.17
2091.09
2090.66
2090.6
2088.71
2087.97
2085.86
2084.46
2082.49
2083.43
2083.31
2082.17
2081.69
2082.23
2082.17
2081.43
2080.14
2078.69
2078.26
2077.8
2077.37
2077.4
2077.74
2076.26
2075.09
2074.91
2075
2075
2074.91
2075.6
2074.71
2073.29
2070.97
2070.94
2071.57
2072.83
2073.43
2073.66
2072.83
2071.43
2070.83
2071.09
2070.83
2070
2069.34
2068.14
2068.37
2068.54
2070.63
2070.03
2069.54
2068.49
2068.66
2069.11
2068.2
2067.8
2066.8
2067.6
2068.17
2067.8
2067.54
2068.4
2069.57
2068.6
2066.06
2065.54
2065.54
2067.03
2067.66
2067.23
2066.37
2066.06
2066.17
2065.26
2064.66
2064.17
2064.17
2064.91
2064.4
2064.2
2063.97
2062.66
2062.97
2065.03
2066.86
2065.83
2064.83
2063
2062.43
2064.34
2064.29
2062.37
2062.6
2064.2
2064.54
2062.97
2062.6
2061.83
2062.17
2061.4
2060.69
2060.91
2061.49
2061.43
2062.34
2063.14
2062.43
2061
2061.17
2061.83
2061.74
2061.43
2062
2062.57
2062.51
2061.4
2060.34
2060.43
2061.23
2061.34
2061.17
2062.09
2061.66
2057.23
2052.29
2051
2051.97
2053.29
2053.63
2055.2
2056.4
2057.91
2058.34
2059.09
2057.63
2057.57
2057.6
2058.11
2057.17
2056.89
2057.54
2059.06
2061.17
2061.09
2059.66
2056.91
2056.03
2057.23
2057.74
2056.51
2055.74
2056.09
2057.17
2058.74
2060.26
2060.23
2061.54
2062.46
2062.94
2060.23
2057.51
2054.83
2054.51
2054.14
2053.69
2052.66
2051.91
2051.43
2051.49
2052.77
2053.14
2052.17
2050.34
2049.83
2050
2050.09
2049.66
2049.34
2050.34
2051.06
2050.69
2049.74
2050.43
2050.31
2049.26
2048.43
2048.31
2048.34
2049.43
2051.49
2051.74
2050.6
2049.49
2049.69
2049.06
2048.86
2048.49
2049.51
2049.06
2049.03
2049.57
2051.17
2050.4
2048.26
2047.77
2049.14
2050.26
2050.34
2048.71
2047.89
2047.54
2048.86
2048.31
2048.69
2048.31
2048.6
2048.57
2049.6
2048.89
2048.03
2047.74
2048.83
2049.17
2048.74
2048.09
2048.51
2049.49
2048.31
2047.71
2048.71
2050.51
2049.4
2048.77
2048.57
2049.26
2048.31
2048.03
2048.23
2049.51
2049.57
2049
2048.6
2048.31
2046.83
2046.11
2046.89
2048.86
2049.14
2049.69
2049.83
2049.74
2047.74
2046.86
2049
2050.89
2051.11
2050.57
2049.4
2048.11
2048.57
2049.57
2049.77
2049.14
2048.51
2047.91
2049.69
2049.37
2046.94
2045.6
2047.06
2048.43
2049.17
2049.31
2048.6
2047.74
2048.43
2048.14
2048.03
2046.8
2047.54
2047.46
2047.94
2048
2048.14
2048.03
2048.66
2049.57
2049.69
2049.49
2049.09
2048.17
2047.83
2048.17
2049.26
2048.97
2047.94
2048.17
2049.06
2048.6
2048
2049.17
2049.4
2048.17
2047.69
2048.14
2048.34
2048.34
2048.23
2047.6
2046.66
2047.6
2048.23
2048.43
2048.09
2047.31
2046.86
2047.83
2049.66
2050.34
2049.66
2047.91
2046.34
2047.43
2049.14
2049
2049.29
2049.2
2047.86
2046.43
2047.66
2047.14
2046.54
2046.8
2048.94
2048.89
2049.03
2048.4
2048
2047.43
2047.49
2048.69
2049.14
2050.03
2048.29
2048.06
2049.23
2050.06
2048.29
2045.8
2046.63
2047.46
2048.94
2048.31
2048.6
2048.74
2048.74
2048.43
2048.91
2049.91
2049.91
2048.91
2048.69
2047.63
2047.54
2048.4
2049.57
2048
2048.37
2049.11
2049.2
2047.4
2047.43
2047.91
2048.83
2049.17
2048.83
2047.91
2047.51
2047.31
2047.6
2047.66
2048
2048.34
2048.57
2048
2047.34
2047.91
2048.74
2049.34
2049.91
2049.57
2048.6
2047.49
2047.69
2047.06
2046.51
2047.77
2049.46
2050.37
2048.89
2047.51
2046.17
2046.91
2048
2047.4
2047.2
2046.54
2047.46
2048.06
2049.6
2047.89
2046.11
2045.74
2048
2050.09
2050.57
2049
2047.51
2047.91
2048.57
2048.17
2048.77
2048.37
2047.29
2047
2048.31
2048.43
2047.91
2048
2047.83
2048.51
2049.74
2049.31
2048.03
2047.4
2048.51
2048.14
2047.6
2048.51
2049.8
2049.77
2048.91
2048.83
2047.74
2048.11
2048.54
2049.03
2048.83
2048.14
2047.11
2048.09
2048.54
2047.37
2046.74
2047.31
2048.2
2048.97
2049.34
2047.83
2047.6
2046.8
2047.71
2048.54
2049.86
2048.14
2046.6
2046.43
2046.89
2046.77
2047.34
2047.71
2046.94
2047.26
2049.57
2049.31
2048.46
2047.63
2048.03
2047.4
2047
2046.34
2047
2047.49
2047.6
2047.57
2048.43
2048.49
2048.17
2048.69
2048.8
2047.6
2046.09
2047.09
2049
2049.31
2048.77
2049
2049.14
2049.2
2049.23
2048.83
2047.69
2047.57
2048.17
2047.66
2047.51
2047.57
2048.34
2048.83
2048.66
2048.94
2048.97
2048.43
2046.91
2047.43
2048.66
2048.57
2047.77
2047.57
2048.17
2047.66
2047.69
2047.14
2046.34
2046.69
2047.97
2048.6
2047.66
2047.09
2047.26
2049.17
2050.4
2048.74
2047.29
2046.46
2047.37
2048.49
2049.49
2048.69
2047.4
2048.03
2047.29
2048.06
2048.54
2049.51
2047.66
2046.17
2046.69
2047.8
2049.11
2049.14
2049.51
2048.66
2048.34
2047.66
2047.26
2046.83
2047.34
2047.49
2047.34
2046.83
2047.26
2047.74
2048.09
2048.17
2047.57
2045.91
2046.2
2047.54
2048.94
2048.4
2048.34
2048
2047.66
2047.51
2047.74
2047.66
2047.69
2048.74
2049.74
2049.09
2048.26
2047.49
2047.94
2047.71
2048.46
2047.29
2047.71
2047.97
2049.26
2048.91
2049.43
2049.14
2048.77
2049.09
2049.06
2047.77
2047.09
2048
2047
