2049
2049
2047
2047
2049
2050
2051
2047
2048
2045
2049
2049
2050
2047
2047
2048
2048
2049
2050
2050
2050
2050
2049
2047
2049
2046
2047
2047
2047
2047
2050
2049
2049
2052
2048
2047
2047
2050
2053
2052
2050
2048
2049
2049
2050
2048
2050
2047
2048
2046
2047
2048
2048
2049
2050
2050
2048
2047
2049
2047
2048
2047
2050
2048
2047
2048
2051
2046
2047
2049
2049
2047
2047
2047
2049
2051
2048
2048
2049
2046
2049
2049
2050
2048
2047
2046
2049
2052
2050
2046
2048
2046
2048
2049
2050
2048
2049
2050
2050
2048
2048
2049
2052
2051
2048
2047
2047
2047
2048
2048
2049
2046
2048
2049
2048
2047
2047
2050
2049
2048
2046
2048
2048
2047
2047
2049
2049
2046
2047
2049
2048
2046
2046
2049
2051
2048
2051
2048
2047
2047
2048
2050
2049
2048
2050
2048
2049
2048
2047
2051
2049
2050
2050
2047
2047
2049
2048
2046
2050
2049
2049
2047
2050
2046
2047
2051
2049
2049
2047
2046
2047
2048
2049
2048
2050
2048
2049
2049
2049
2048
2046
2048
2050
2052
2048
2046
2047
2047
2049
2047
2047
2049
2048
2049
2048
2046
2048
2051
2049
2052
2051
2061
2132
2257
2464
2640
2758
2674
2596
2602
2615
2634
2644
2644
2643
2639
2639
2639
2640
2643
2639
2641
2642
2641
2641
2643
2644
2643
2643
2645
2647
2638
2579
2420
2244
2086
1966
2002
2089
2114
2089
2063
2051
2055
2064
2070
2072
2071
2066
2065
2064
2067
2064
2065
2065
2065
2064
2067
2066
2065
2064
2068
2066
2064
2065
2062
2062
2063
2063
2063
2064
2063
2064
2063
2063
2063
2061
2064
2062
2062
2060
2061
2058
2061
2060
2059
2060
2059
2061
2060
2060
2062
2061
2063
2061
2062
2061
2057
2060
2060
2062
2060
2059
2059
2059
2058
2061
2059
2057
2060
2061
2062
2060
2059
2058
2058
2060
2059
2060
2059
2058
2059
2060
2060
2059
2059
2061
2058
2056
2058
2057
2060
2062
2057
2059
2057
2059
2059
2057
2058
2056
2059
2058
2058
2059
2054
2056
2059
2059
2058
2059
2057
2058
2058
2058
2057
2055
2058
2058
2059
2058
2056
2057
2060
2058
2058
2058
2056
2057
2058
2055
2057
2058
2059
2066
2092
2143
2222
2296
2329
2375
2392
2389
2393
2404
2415
2424
2428
2432
2438
2441
2446
2447
2448
2452
2457
2457
2456
2461
2464
2465
2466
2466
2465
2462
2445
2402
2324
2251
2197
2172
2151
2146
2146
2135
2126
2117
2113
2108
2105
2102
2100
2099
2095
2092
2091
2091
2090
2090
2086
2088
2083
2083
2083
2084
2082
2081
2083
2082
2081
2081
2078
2078
2079
2076
2078
2078
2076
2075
2075
2075
2075
2075
2075
2076
2072
2072
2070
2072
2073
2073
2074
2073
2071
2071
2071
2071
2070
2069
2069
2067
2070
2069
2072
2068
2069
2069
2068
2070
2066
2068
2067
2068
2069
2066
2069
2070
2068
2067
2064
2067
2066
2068
2068
2065
2067
2066
2065
2065
2064
2064
2065
2065
2063
2065
2063
2061
2067
2066
2066
2065
2063
2062
2064
2066
2061
2062
2066
2063
2064
2062
2062
2062
2062
2060
2061
2062
2061
2062
2064
2062
2061
2061
2062
2062
2061
2062
2063
2062
2062
2060
2060
2062
2061
2061
2062
2062
2058
2051
2051
2053
2052
2055
2054
2057
2058
2058
2059
2059
2055
2060
2057
2057
2058
2056
2060
2061
2061
2060
2057
2055
2058
2058
2056
2056
2056
2057
2059
2060
2061
2060
2064
2062
2061
2057
2055
2054
2055
2053
2053
2052
2051
2052
2052
2054
2052
2050
2050
2050
2050
2050
2049
2050
2052
2050
2050
2050
2051
2049
2048
2049
2048
2049
2052
2052
2050
2050
2049
2050
2048
2049
2049
2050
2048
2050
2051
2051
2048
2047
2050
2050
2050
2050
2046
2049
2048
2049
2048
2049
2048
2049
2049
2050
2047
2048
2049
2049
2049
2048
2048
2050
2049
2046
2050
2050
2050
2048
2049
2049
2049
2047
2049
2049
2050
2049
2048
2049
2047
2045
2048
2048
2050
2049
2050
2050
2048
2046
2049
2052
2050
2051
2050
2047
2049
2050
2049
2050
2048
2048
2049
2051
2046
2045
2048
2048
2049
2050
2048
2048
2048
2049
2047
2048
2046
2049
2047
2048
2049
2047
2049
2050
2049
2050
2049
2048
2048
2048
2049
2050
2047
2048
2050
2048
2048
2049
2050
2048
2047
2049
2048
2048
2049
2047
2047
2047
2049
2048
2048
2048
2046
2048
2050
2050
2050
2048
2046
2047
2050
2049
2048
2051
2047
2046
2048
2048
2045
2048
2048
2050
2048
2049
2048
2047
2048
2048
2050
2049
2050
2046
2050
2051
2047
2047
2045
2049
2048
2049
2048
2049
2049
2048
2049
2050
2050
2049
2048
2049
2046
2049
2050
2048
2047
2051
2048
2048
2047
2048
2049
2049
2049
2048
2047
2048
2047
2048
2048
2048
2049
2048
2047
2048
2049
2049
2050
2050
2048
2048
2047
2048
2046
2047
2051
2049
2050
2047
2046
2047
2048
2048
2046
2048
2046
2049
2049
2049
2045
2046
2048
2050
2051
2049
2047
2048
2049
2048
2048
2050
2046
2047
2049
2048
2048
2048
2048
2048
2050
2050
2047
2048
2048
2049
2047
2048
2051
2049
2049
2049
2048
2047
2050
2048
2049
2049
2046
2048
2050
2046
2047
2048
2047
2050
2049
2048
2047
2048
2046
2050
2049
2049
2046
2046
2048
2046
2047
2049
2046
2047
2050
2050
2047
2049
2047
2048
2047
2046
2047
2048
2047
2048
2048
2049
2048
2048
2050
2047
2046
2047
2049
2050
2048
2049
2050
2048
2050
2049
2047
2048
2048
2048
2047
2048
2048
2049
2049
2048
2050
2048
2047
2047
2049
2049
2047
2048
2048
2048
2047
2048
2046
2046
2049
2048
2048
2047
2047
2049
2051
2049
2046
2048
2046
2049
2050
2048
2048
2047
2049
2046
2050
2049
2048
2046
2046
2049
2048
2050
2049
2049
2048
2048
2047
2047
2047
2048
2047
2047
2047
2048
2048
2048
2048
2046
2045
2049
2048
2049
2048
2048
2048
2047
2048
2048
2047
2049
2050
2049
2048
2048
2047
2049
2047
2049
2046
2049
2049
2049
2049
2050
2048
2049
2050
2047
2047
2048
2047
